0.489586
0.121498
0.109628
0.110594
0.108942
0.107316
0.107673
0.103717
0.088887
0.101439
0.102592
0.104294
0.085482
0.097159
0.103967
0.103812
0.104107
0.108816
0.100277
0.100423
0.109272
0.109559
0.096438
0.10844
0.083298
0.103205
0.110753
0.083871
0.100251
0.09856
0.112621
0.117589
0.101962
0.108394
0.112839
0.119295
0.039892
0.108992
0.11517
0.115136
0.10984
0.088415
0.109549
0.110172
0.110085
0.129127
0.050364
0.119652
0.088824
0.113578
0.118709
0.102178
0.122695
0.111599
0.118941
0.11496
0.108514
0.105379
0.111843
0.104856
0.091402
0.106113
0.115233
0.114139
0.119806
0.118997
0.115534
0.111725
0.10129
0.13254
0.106142
0.112599
0.090977
0.109969
0.110621
0.116056
0.110639
0.112027
0.117479
0.110292
0.105805
0.11732
0.111377
0.112214
0.084002
0.111345
0.105487
0.082049
0.103477
0.098481
0.115794
0.121185
0.110535
0.122534
0.110766
0.112749
0.086345
0.113945
0.114159
0.114349
0.120584
0.109546
0.099935
0.102374
0.103734
0.140067
0.118719
0.056154
0.096911
0.124873
0.117362
0.127042
0.128046
0.129715
0.130961
0.131272
0.122933
0.116525
0.120908
0.121182
0.085172
0.104071
0.103448
0.100161
0.103422
0.103236
0.13526
0.125802
0.125343
0.122682
0.114904
0.122441
0.088315
0.123019
0.116734
0.117481
0.115598
0.114806
0.125329
0.115993
0.110163
0.103185
0.108219
0.124613
0.102478
0.116
0.101635
0.116943
0.111432
0.109583
0.112152
0.112978
0.114703
0.123398
0.12179
0.071635
0.093211
0.107942
0.109757
0.125178
0.11051
0.2585
0.223158
0.212059
0.188709
0.159137
0.1316
0.196502
0.098
0.1162
0.114179
0.12059
0.117896
0.216394
0.147866
0.148478
0.124784
0.114769
0.109729
0.109264
0.09142
0.147302
0.146073
0.136919
0.149711
0.075326
0.134506
0.127288
0.129687
0.131034
0.115094
0.144603
0.112621
0.161122
0.11604
0.120602
0.118816
0.145057
0.140874
0.104134
0.119176
0.121411
0.130832
0.148553
0.048575
0.139687
0.140681
0.146983
0.268236
0.142894
0.130457
0.138545
0.136817
0.37424
0.336266
0.337842
0.244437
0.38242
0.281207
0.138548
0.125747
0.133753
0.134539
0.115822
0.053056
0.111048
0.119948
0.1061
0.084859
0.111995
0.122115
0.119331
0.112692
0.108798
0.12221
0.134392
0.136981
0.138819
0.055303
0.117808
0.098722
0.121752
0.112834
0.115727
0.106758
0.132302
0.103784
0.114277
0.099841
0.121322
0.122385
0.118199
0.05062
0.214289
0.27061
0.31972
0.272963
0.215552
0.191894
0.302709
0.258099
0.155253
0.134236
0.113608
0.090915
0.112154
0.127185
0.116209
0.124322
0.12081
0.08391
0.11577
0.116836
0.1167
0.136949
0.116184
0.232039
0.118903
0.113971
0.10719
0.118902
0.110385
0.112387
0.114717
0.117387
0.110571
0.1085
0.106397
0.088906
0.112329
0.110303
0.128427
0.114783
0.073768
0.109827
0.107404
0.125483
0.137
0.088223
0.135609
0.110822
0.122339
0.212615
0.218273
0.18478
0.23035
0.224422
0.276977
0.35477
0.33643
2.128731
1.799594
2.22572
0.177053
0.138914
0.122157
0.186079
0.188996
0.169891
0.160713
0.105682
0.129414
0.125373
0.123543
0.093472
0.062264
0.130056
0.112794
0.110417
0.112325
0.172905
1.491987
0.156879
0.150178
0.713167
0.150925
0.113898
0.131076
0.12684
0.807043
0.119067
0.112387
0.047736
0.105085
0.108599
0.116916
0.131376
0.100391
0.102483
0.132749
0.124113
0.139975
0.108553
0.251412
0.277135
0.214147
0.096902
0.157747
0.141313
0.149105
0.091685
0.121716
0.117355
0.150747
0.142133
0.094389
0.226083
0.211311
0.162035
0.165768
0.145948
0.207383
0.095095
0.21953
0.136417
0.131422
0.168452
0.188947
0.113729
0.169088
0.160005
0.211433
0.206961
0.063111
0.095972
0.147338
0.160508
0.145156
0.12189
0.110236
0.10377
0.113365
0.055719
0.112947
